1000000000
500000000
250000000
125000000
62500000
31250000
15625000
7812500
3906250
1953125
976562
488281
244140
122070
61035
30517
15258
7629
3814
1907
953
476
238
119
59
29
14
7
3
2
1
4
3
9
4
3
2
7
19
9
6
3
2
1
4
14
39
19
13
6
4
3
9
29
79
39
26
13
8
4
2
2
6
19
59
158
79
52
26
17
8
5
2
1
1
4
13
39
119
317
158
105
52
35
17
11
5
3
2
8
26
79
238
635
317
211
105
70
35
23
11
7
5
17
52
158
476
1271
635
423
211
141
70
47
23
15
7
5
3
11
35
105
317
953
2543
1271
847
423
282
141
94
47
31
15
10
5
3
2
7
23
70
211
635
1907
5086
2543
1695
847
565
282
188
94
62
31
20
10
6
5
15
47
141
423
1271
3814
10172
5086
3390
1695
1130
565
376
188
125
62
41
20
13
10
31
94
282
847
2543
7629
20345
10172
6781
3390
2260
1130
753
376
251
125
83
41
27
13
9
6
20
62
188
565
1695
5086
15258
40690
20345
13563
6781
4521
2260
1507
753
502
251
167
83
55
27
18
9
6
4
13
41
125
376
1130
3390
10172
30517
81380
40690
27126
13563
9042
4521
3014
1507
1004
502
334
167
111
55
37
18
12
6
4
3
9
27
83
251
753
2260
6781
20345
61035
162760
81380
54253
27126
18084
9042
6028
3014
2009
1004
669
334
223
111
74
37
24
12
8
6
18
55
167
502
1507
4521
13563
40690
122070
325520
162760
108506
54253
36168
18084
12056
6028
4018
2009
1339
669
446
223
148
74
49
24
16
8
5
4
12
37
111
334
1004
3014
9042
27126
81380
244140
651041
325520
217013
108506
72337
36168
24112
12056
8037
4018
2679
1339
893
446
297
148
99
49
33
16
11
8
24
74
223
669
2009
6028
18084
54253
162760
488281
1302083
651041
434027
217013
144675
72337
48225
24112
16075
8037
5358
2679
1786
893
595
297
198
99
66
33
22
11
7
5
16
49
148
446
1339
4018
12056
36168
108506
325520
976562
2604166
1302083
651041
434027
325520
868055
434027
289351
144675
96450
48225
32150
16075
10716
5358
3572
1786
1190
595
396
198
132
66
44
22
14
11
33
99
297
893
2679
8037
24112
72337
217013
651041
1953125
976562
651041
488281
5208333
2604166
1302083
651041
434027
325520
868055
651041
1736111
868055
578703
289351
192901
96450
64300
32150
21433
10716
7144
3572
2381
1190
793
396
264
132
88
44
29
22
66
198
595
1786
5358
16075
48225
144675
434027
1302083
651041
434027
325520
3906250
1953125
976562
651041
488281
1302083
651041
434027
325520
976562
10416666
5208333
2604166
1302083
651041
434027
325520
868055
651041
1736111
868055
578703
434027
1302083
651041
434027
325520
3472222
1736111
868055
578703
434027
1157407
578703
385802
192901
128600
64300
42866
21433
14288
7144
4762
2381
1587
793
529
264
176
88
58
29
19
14
44
132
396
1190
3572
10716
32150
96450
289351
868055
2604166
1302083
651041
434027
325520
868055
651041
7812500
3906250
1953125
976562
651041
488281
1302083
651041
434027
325520
976562
2604166
1302083
651041
434027
325520
868055
651041
1953125
976562
651041
488281
20833333
10416666
5208333
2604166
1302083
651041
434027
325520
868055
651041
1736111
868055
578703
434027
1302083
651041
434027
325520
3472222
1736111
868055
578703
434027
1157407
578703
385802
289351
868055
2604166
1302083
651041
434027
325520
868055
651041
6944444
3472222
1736111
868055
578703
434027
1157407
578703
385802
289351
868055
2314814
1157407
578703
385802
289351
771604
385802
257201
128600
85733
42866
28577
14288
9525
4762
3175
1587
1058
529
352
176
117
58
39
29
88
264
793
2381
7144
21433
64300
192901
578703
1736111
868055
578703
434027
5208333
2604166
1302083
651041
434027
325520
868055
651041
1736111
868055
578703
434027
1302083
651041
434027
325520
15625000
7812500
3906250
1953125
976562
651041
488281
1302083
651041
434027
325520
976562
2604166
1302083
651041
434027
325520
868055
651041
1953125
976562
651041
488281
5208333
2604166
1302083
651041
434027
325520
868055
651041
1736111
868055
578703
434027
1302083
651041
434027
325520
3906250
1953125
976562
651041
488281
1302083
651041
434027
325520
976562
41666666
20833333
10416666
5208333
2604166
1302083
651041
434027
325520
868055
651041
1736111
868055
578703
434027
1302083
651041
434027
325520
3472222
1736111
868055
578703
434027
1157407
578703
385802
289351
868055
2604166
1302083
651041
434027
325520
868055
651041
6944444
3472222
1736111
868055
578703
434027
1157407
578703
385802
289351
868055
2314814
1157407
578703
385802
289351
771604
578703
1736111
868055
578703
434027
5208333
2604166
1302083
651041
434027
325520
868055
651041
1736111
868055
578703
434027
1302083
651041
434027
325520
13888888
6944444
3472222
1736111
868055
578703
434027
1157407
578703
385802
289351
868055
2314814
1157407
578703
385802
289351
771604
578703
1736111
868055
578703
434027
4629629
2314814
1157407
578703
385802
289351
771604
578703
1543209
771604
514403
257201
171467
85733
57155
28577
19051
9525
6350
3175
2116
1058
705
352
235
117
78
39
26
19
58
176
529
1587
4762
14288
42866
128600
385802
1157407
578703
385802
289351
3472222
1736111
868055
578703
434027
1157407
578703
385802
289351
868055
10416666
5208333
2604166
1302083
651041
434027
325520
868055
651041
1736111
868055
578703
434027
1302083
651041
434027
325520
3472222
1736111
868055
578703
434027
1157407
578703
385802
289351
868055
2604166
1302083
651041
434027
325520
868055
651041
31250000
15625000
7812500
3906250
1953125
976562
651041
488281
1302083
651041
434027
325520
976562
2604166
1302083
651041
434027
325520
868055
651041
1953125
976562
651041
488281
5208333
2604166
1302083
651041
434027
325520
868055
651041
1736111
868055
578703
434027
1302083
651041
434027
325520
3906250
1953125
976562
651041
488281
1302083
651041
434027
325520
976562
10416666
5208333
2604166
1302083
651041
434027
325520
868055
651041
1736111
868055
578703
434027
1302083
651041
434027
325520
3472222
1736111
868055
578703
434027
1157407
578703
385802
289351
868055
2604166
1302083
651041
434027
325520
868055
651041
7812500
3906250
1953125
976562
651041
488281
1302083
651041
434027
325520
976562
2604166
1302083
651041
434027
325520
868055
651041
1953125
976562
651041
488281
83333333
41666666
20833333
10416666
5208333
2604166
1302083
651041
434027
325520
868055
651041
1736111
868055
578703
434027
1302083
651041
434027
325520
3472222
1736111
868055
578703
434027
1157407
578703
385802
289351
868055
2604166
1302083
651041
434027
325520
868055
651041
6944444
3472222
1736111
868055
578703
434027
1157407
578703
385802
289351
868055
2314814
1157407
578703
385802
289351
771604
578703
1736111
868055
578703
434027
5208333
2604166
1302083
651041
434027
325520
868055
651041
1736111
868055
578703
434027
1302083
651041
434027
325520
13888888
6944444
3472222
1736111
868055
578703
434027
1157407
578703
385802
289351
868055
2314814
1157407
578703
385802
289351
771604
578703
1736111
868055
578703
434027
4629629
2314814
1157407
578703
385802
289351
771604
578703
1543209
771604
514403
385802
1157407
578703
385802
289351
3472222
1736111
868055
578703
434027
1157407
578703
385802
289351
868055
10416666
5208333
2604166
1302083
651041
434027
325520
868055
651041
1736111
868055
578703
434027
1302083
651041
434027
325520
3472222
1736111
868055
578703
434027
1157407
578703
385802
289351
868055
2604166
1302083
651041
434027
325520
868055
651041
27777777
13888888
6944444
3472222
1736111
868055
578703
434027
1157407
578703
385802
289351
868055
2314814
1157407
578703
385802
289351
771604
578703
1736111
868055
578703
434027
4629629
2314814
1157407
578703
385802
289351
771604
578703
1543209
771604
514403
385802
1157407
578703
385802
289351
3472222
1736111
868055
578703
434027
1157407
578703
385802
289351
868055
9259259
4629629
2314814
1157407
578703
385802
289351
771604
578703
1543209
771604
514403
385802
1157407
578703
385802
289351
3086419
1543209
771604
514403
385802
1028806
514403
342935
171467
114311
57155
38103
19051
12701
6350
4233
2116
1411
705
470
235
156
78
52
39
117
352
1058
3175
9525
28577
85733
257201
771604
2314814
1157407
578703
385802
289351
771604
578703
6944444
3472222
1736111
868055
578703
434027
1157407
578703
385802
289351
868055
2314814
1157407
578703
385802
289351
771604
578703
1736111
868055
578703
434027
20833333
10416666
5208333
2604166
1302083
651041
434027
325520
868055
651041
1736111
868055
578703
434027
1302083
651041
434027
325520
3472222
1736111
868055
578703
434027
1157407
578703
385802
289351
868055
2604166
1302083
651041
434027
325520
868055
651041
6944444
3472222
1736111
868055
578703
434027
1157407
578703
385802
289351
868055
2314814
1157407
578703
385802
289351
771604
578703
1736111
868055
578703
434027
5208333
2604166
1302083
651041
434027
325520
868055
651041
1736111
868055
578703
434027
1302083
651041
434027
325520
62500000
31250000
15625000
7812500
3906250
1953125
976562
651041
488281
1302083
651041
434027
325520
976562
2604166
1302083
651041
434027
325520
868055
651041
1953125
976562
651041
488281
5208333
2604166
1302083
651041
434027
325520
868055
651041
1736111
868055
578703
434027
1302083
651041
434027
325520
3906250
1953125
976562
651041
488281
1302083
651041
434027
325520
976562
10416666
5208333
2604166
1302083
651041
434027
325520
868055
651041
1736111
868055
578703
434027
1302083
651041
434027
325520
3472222
1736111
868055
578703
434027
1157407
578703
385802
289351
868055
2604166
1302083
651041
434027
325520
868055
651041
7812500
3906250
1953125
976562
651041
488281
1302083
651041
434027
325520
976562
2604166
1302083
651041
434027
325520
868055
651041
1953125
976562
651041
488281
20833333
10416666
5208333
2604166
1302083
651041
434027
325520
868055
651041
1736111
868055
578703
434027
1302083
651041
434027
325520
3472222
1736111
868055
578703
434027
1157407
578703
385802
289351
868055
2604166
1302083
651041
434027
325520
868055
651041
6944444
3472222
1736111
868055
578703
434027
1157407
578703
385802
289351
868055
2314814
1157407
578703
385802
289351
771604
578703
1736111
868055
578703
434027
5208333
2604166
1302083
651041
434027
325520
868055
651041
1736111
868055
578703
434027
1302083
651041
434027
325520
15625000
7812500
3906250
1953125
976562
651041
488281
1302083
651041
434027
325520
976562
2604166
1302083
651041
434027
325520
868055
651041
1953125
976562
651041
488281
5208333
2604166
1302083
651041
434027
325520
868055
651041
1736111
868055
578703
434027
1302083
651041
434027
325520
3906250
1953125
976562
651041
488281
1302083
651041
434027
325520
976562
166666666
83333333
41666666
20833333
10416666
5208333
2604166
1302083
651041
434027
325520
868055
651041
1736111
868055
578703
434027
1302083
651041
434027
325520
3472222
1736111
868055
578703
434027
1157407
578703
385802
289351
868055
2604166
1302083
651041
434027
325520
868055
651041
6944444
3472222
1736111
868055
578703
434027
1157407
578703
385802
289351
868055
2314814
1157407
578703
385802
289351
771604
578703
1736111
868055
578703
434027
5208333
2604166
1302083
651041
434027
325520
868055
651041
1736111
868055
578703
434027
1302083
651041
434027
325520
13888888
6944444
3472222
1736111
868055
578703
434027
1157407
578703
385802
289351
868055
2314814
1157407
578703
385802
289351
771604
578703
1736111
868055
578703
434027
4629629
2314814
1157407
578703
385802
289351
771604
578703
1543209
771604
514403
385802
1157407
578703
385802
289351
3472222
1736111
868055
578703
434027
1157407
578703
385802
289351
868055
10416666
5208333
2604166
1302083
651041
434027
325520
868055
651041
1736111
868055
578703
434027
1302083
651041
434027
325520
3472222
1736111
868055
578703
434027
1157407
578703
385802
289351
868055
2604166
1302083
651041
434027
325520
868055
651041
27777777
13888888
6944444
3472222
1736111
868055
578703
434027
1157407
578703
385802
289351
868055
2314814
1157407
578703
385802
289351
771604
578703
1736111
868055
578703
434027
4629629
2314814
1157407
578703
385802
289351
771604
578703
1543209
771604
514403
385802
1157407
578703
385802
289351
3472222
1736111
868055
578703
434027
1157407
578703
385802
289351
868055
9259259
4629629
2314814
1157407
578703
385802
289351
771604
578703
1543209
771604
514403
385802
1157407
578703
385802
289351
3086419
1543209
771604
514403
385802
1028806
514403
342935
257201
771604
2314814
1157407
578703
385802
289351
771604
578703
6944444
3472222
1736111
868055
578703
434027
1157407
578703
385802
289351
868055
2314814
1157407
578703
385802
289351
771604
578703
1736111
868055
578703
434027
20833333
10416666
5208333
2604166
1302083
651041
434027
325520
868055
651041
1736111
868055
578703
434027
1302083
651041
434027
325520
3472222
1736111
868055
578703
434027
1157407
578703
385802
289351
868055
2604166
1302083
651041
434027
325520
868055
651041
6944444
3472222
1736111
868055
578703
434027
1157407
578703
385802
289351
868055
2314814
1157407
578703
385802
289351
771604
578703
1736111
868055
578703
434027
5208333
2604166
1302083
651041
434027
325520
868055
651041
1736111
868055
578703
434027
1302083
651041
434027
325520
55555555
27777777
13888888
6944444
3472222
1736111
868055
578703
434027
1157407
578703
385802
289351
868055
2314814
1157407
578703
385802
289351
771604
578703
1736111
868055
578703
434027
4629629
2314814
1157407
578703
385802
289351
771604
578703
1543209
771604
514403
385802
1157407
578703
385802
289351
3472222
1736111
868055
578703
434027
1157407
578703
385802
289351
868055
9259259
4629629
2314814
1157407
578703
385802
289351
771604
578703
1543209
771604
514403
385802
1157407
578703
385802
289351
3086419
1543209
771604
514403
385802
1028806
514403
342935
257201
771604
2314814
1157407
578703
385802
289351
771604
578703
6944444
3472222
1736111
868055
578703
434027
1157407
578703
385802
289351
868055
2314814
1157407
578703
385802
289351
771604
578703
1736111
868055
578703
434027
18518518
9259259
4629629
2314814
1157407
578703
385802
289351
771604
578703
1543209
771604
514403
385802
1157407
578703
385802
289351
3086419
1543209
771604
514403
385802
1028806
514403
342935
257201
771604
2314814
1157407
578703
385802
289351
771604
578703
6172839
3086419
1543209
771604
514403
385802
1028806
514403
342935
257201
771604
2057613
1028806
514403
342935
257201
685871
342935
228623
114311
76207
38103
25402
12701
8467
4233
2822
1411
940
470
313
156
104
52
34
17
11
8
26
78
235
705
2116
6350
19051
57155
171467
514403
1543209
771604
514403
385802
4629629
2314814
1157407
578703
385802
289351
771604
578703
1543209
771604
514403
385802
1157407
578703
385802
289351
13888888
6944444
3472222
1736111
868055
578703
434027
1157407
578703
385802
289351
868055
2314814
1157407
578703
385802
289351
771604
578703
1736111
868055
578703
434027
4629629
2314814
1157407
578703
385802
289351
771604
578703
1543209
771604
514403
385802
1157407
578703
385802
289351
3472222
1736111
868055
578703
434027
1157407
578703
385802
289351
868055
41666666
20833333
10416666
5208333
2604166
1302083
651041
434027
325520
868055
651041
1736111
868055
578703
434027
1302083
651041
434027
325520
3472222
1736111
868055
578703
434027
1157407
578703
385802
289351
868055
2604166
1302083
651041
434027
325520
868055
651041
6944444
3472222
1736111
868055
578703
434027
1157407
578703
385802
289351
868055
2314814
1157407
578703
385802
289351
771604
578703
1736111
868055
578703
434027
5208333
2604166
1302083
651041
434027
325520
868055
651041
1736111
868055
578703
434027
1302083
651041
434027
325520
13888888
6944444
3472222
1736111
868055
578703
434027
1157407
578703
385802
289351
868055
2314814
1157407
578703
385802
289351
771604
578703
1736111
868055
578703
434027
4629629
2314814
1157407
578703
385802
289351
771604
578703
1543209
771604
514403
385802
1157407
578703
385802
289351
3472222
1736111
868055
578703
434027
1157407
578703
385802
289351
868055
10416666
5208333
2604166
1302083
651041
434027
325520
868055
651041
1736111
868055
578703
434027
1302083
651041
434027
325520
3472222
1736111
868055
578703
434027
1157407
578703
385802
289351
868055
2604166
1302083
651041
434027
325520
868055
651041
125000000
62500000
31250000
15625000
7812500
3906250
1953125
976562
651041
488281
1302083
651041
434027
325520
976562
2604166
1302083
651041
434027
325520
868055
651041
1953125
976562
651041
488281
5208333
2604166
1302083
651041
434027
325520
868055
651041
1736111
868055
578703
434027
1302083
651041
434027
325520
3906250
1953125
976562
651041
488281
1302083
651041
434027
325520
976562
10416666
5208333
2604166
1302083
651041
434027
325520
868055
651041
1736111
868055
578703
434027
1302083
651041
434027
325520
3472222
1736111
868055
578703
434027
1157407
578703
385802
289351
868055
2604166
1302083
651041
434027
325520
868055
651041
7812500
3906250
1953125
976562
651041
488281
1302083
651041
434027
325520
976562
2604166
1302083
651041
434027
325520
868055
651041
1953125
976562
651041
488281
20833333
10416666
5208333
2604166
1302083
651041
434027
325520
868055
651041
1736111
868055
578703
434027
1302083
651041
434027
325520
3472222
1736111
868055
578703
434027
1157407
578703
385802
289351
868055
2604166
1302083
651041
434027
325520
868055
651041
6944444
3472222
1736111
868055
578703
434027
1157407
578703
385802
289351
868055
2314814
1157407
578703
385802
289351
771604
578703
1736111
868055
578703
434027
5208333
2604166
1302083
651041
434027
325520
868055
651041
1736111
868055
578703
434027
1302083
651041
434027
325520
15625000
7812500
3906250
1953125
976562
651041
488281
1302083
651041
434027
325520
976562
2604166
1302083
651041
434027
325520
868055
651041
1953125
976562
651041
488281
5208333
2604166
1302083
651041
434027
325520
868055
651041
1736111
868055
578703
434027
1302083
651041
434027
325520
3906250
1953125
976562
651041
488281
1302083
651041
434027
325520
976562
41666666
20833333
10416666
5208333
2604166
1302083
651041
434027
325520
868055
651041
1736111
868055
578703
434027
1302083
651041
434027
325520
3472222
1736111
868055
578703
434027
1157407
578703
385802
289351
868055
2604166
1302083
651041
434027
325520
868055
651041
6944444
3472222
1736111
868055
578703
434027
1157407
578703
385802
289351
868055
2314814
1157407
578703
385802
289351
771604
578703
1736111
868055
578703
434027
5208333
2604166
1302083
651041
434027
325520
868055
651041
1736111
868055
578703
434027
1302083
651041
434027
325520
13888888
6944444
3472222
1736111
868055
578703
434027
1157407
578703
385802
289351
868055
2314814
1157407
578703
385802
289351
771604
578703
1736111
868055
578703
434027
4629629
2314814
1157407
578703
385802
289351
771604
578703
1543209
771604
514403
385802
1157407
578703
385802
289351
3472222
1736111
868055
578703
434027
1157407
578703
385802
289351
868055
10416666
5208333
2604166
1302083
651041
434027
325520
868055
651041
1736111
868055
578703
434027
1302083
651041
434027
325520
3472222
1736111
868055
578703
434027
1157407
578703
385802
289351
868055
2604166
1302083
651041
434027
325520
868055
651041
31250000
15625000
7812500
3906250
1953125
976562
651041
488281
1302083
651041
434027
325520
976562
2604166
1302083
651041
434027
325520
868055
651041
1953125
976562
651041
488281
5208333
2604166
1302083
651041
434027
325520
868055
651041
1736111
868055
578703
434027
1302083
651041
434027
325520
3906250
1953125
976562
651041
488281
1302083
651041
434027
325520
976562
10416666
5208333
2604166
1302083
651041
434027
325520
868055
651041
1736111
868055
578703
434027
1302083
651041
434027
325520
3472222
1736111
868055
578703
434027
1157407
578703
385802
289351
868055
2604166
1302083
651041
434027
325520
868055
651041
7812500
3906250
1953125
976562
651041
488281
1302083
651041
434027
325520
976562
2604166
1302083
651041
434027
325520
868055
651041
1953125
976562
651041
488281
333333333
166666666
83333333
41666666
20833333
10416666
5208333
2604166
1302083
651041
434027
325520
868055
651041
1736111
868055
578703
434027
1302083
651041
434027
325520
3472222
1736111
868055
578703
434027
1157407
578703
385802
289351
868055
2604166
1302083
651041
434027
325520
868055
651041
6944444
3472222
1736111
868055
578703
434027
1157407
578703
385802
289351
868055
2314814
1157407
578703
385802
289351
771604
578703
1736111
868055
578703
434027
5208333
2604166
1302083
651041
434027
325520
868055
651041
1736111
868055
578703
434027
1302083
651041
434027
325520
13888888
6944444
3472222
1736111
868055
578703
434027
1157407
578703
385802
289351
868055
2314814
1157407
578703
385802
289351
771604
578703
1736111
868055
578703
434027
4629629
2314814
1157407
578703
385802
289351
771604
578703
1543209
771604
514403
385802
1157407
578703
385802
289351
3472222
1736111
868055
578703
434027
1157407
578703
385802
289351
868055
10416666
5208333
2604166
1302083
651041
434027
325520
868055
651041
1736111
868055
578703
434027
1302083
651041
434027
325520
3472222
1736111
868055
578703
434027
1157407
578703
385802
289351
868055
2604166
1302083
651041
434027
325520
868055
651041
27777777
13888888
6944444
3472222
1736111
868055
578703
434027
1157407
578703
385802
289351
868055
2314814
1157407
578703
385802
289351
771604
578703
1736111
868055
578703
434027
4629629
2314814
1157407
578703
385802
289351
771604
578703
1543209
771604
514403
385802
1157407
578703
385802
289351
3472222
1736111
868055
578703
434027
1157407
578703
385802
289351
868055
9259259
4629629
2314814
1157407
578703
385802
289351
771604
578703
1543209
771604
514403
385802
1157407
578703
385802
289351
3086419
1543209
771604
514403
385802
1028806
514403
342935
257201
771604
2314814
1157407
578703
385802
289351
771604
578703
6944444
3472222
1736111
868055
578703
434027
1157407
578703
385802
289351
868055
2314814
1157407
578703
385802
289351
771604
578703
1736111
868055
578703
434027
20833333
10416666
5208333
2604166
1302083
651041
434027
325520
868055
651041
1736111
868055
578703
434027
1302083
651041
434027
325520
3472222
1736111
868055
578703
434027
1157407
578703
385802
289351
868055
2604166
1302083
651041
434027
325520
868055
651041
6944444
3472222
1736111
868055
578703
434027
1157407
578703
385802
289351
868055
2314814
1157407
578703
385802
289351
771604
578703
1736111
868055
578703
434027
5208333
2604166
1302083
651041
434027
325520
868055
651041
1736111
868055
578703
434027
1302083
651041
434027
325520
55555555
27777777
13888888
6944444
3472222
1736111
868055
578703
434027
1157407
578703
385802
289351
868055
2314814
1157407
578703
385802
289351
771604
578703
1736111
868055
578703
434027
4629629
2314814
1157407
578703
385802
289351
771604
578703
1543209
771604
514403
385802
1157407
578703
385802
289351
3472222
1736111
868055
578703
434027
1157407
578703
385802
289351
868055
9259259
4629629
2314814
1157407
578703
385802
289351
771604
578703
1543209
771604
514403
385802
1157407
578703
385802
289351
3086419
1543209
771604
514403
385802
1028806
514403
342935
257201
771604
2314814
1157407
578703
385802
289351
771604
578703
6944444
3472222
1736111
868055
578703
434027
1157407
578703
385802
289351
868055
2314814
1157407
578703
385802
289351
771604
578703
1736111
868055
578703
434027
18518518
9259259
4629629
2314814
1157407
578703
385802
289351
771604
578703
1543209
771604
514403
385802
1157407
578703
385802
289351
3086419
1543209
771604
514403
385802
1028806
514403
342935
257201
771604
2314814
1157407
578703
385802
289351
771604
578703
6172839
3086419
1543209
771604
514403
385802
1028806
514403
342935
257201
771604
2057613
1028806
514403
342935
257201
685871
514403
1543209
771604
514403
385802
4629629
2314814
1157407
578703
385802
289351
771604
578703
1543209
771604
514403
385802
1157407
578703
385802
289351
13888888
6944444
3472222
1736111
868055
578703
434027
1157407
578703
385802
289351
868055
2314814
1157407
578703
385802
289351
771604
578703
1736111
868055
578703
434027
4629629
2314814
1157407
578703
385802
289351
771604
578703
1543209
771604
514403
385802
1157407
578703
385802
289351
3472222
1736111
868055
578703
434027
1157407
578703
385802
289351
868055
41666666
20833333
10416666
5208333
2604166
1302083
651041
434027
325520
868055
651041
1736111
868055
578703
434027
1302083
651041
434027
325520
3472222
1736111
868055
578703
434027
1157407
578703
385802
289351
868055
2604166
1302083
651041
434027
325520
868055
651041
6944444
3472222
1736111
868055
578703
434027
1157407
578703
385802
289351
868055
2314814
1157407
578703
385802
289351
771604
578703
1736111
868055
578703
434027
5208333
2604166
1302083
651041
434027
325520
868055
651041
1736111
868055
578703
434027
1302083
651041
434027
325520
13888888
6944444
3472222
1736111
868055
578703
434027
1157407
578703
385802
289351
868055
2314814
1157407
578703
385802
289351
771604
578703
1736111
868055
578703
434027
4629629
2314814
1157407
578703
385802
289351
771604
578703
1543209
771604
514403
385802
1157407
578703
385802
289351
3472222
1736111
868055
578703
434027
1157407
578703
385802
289351
868055
10416666
5208333
2604166
1302083
651041
434027
325520
868055
651041
1736111
868055
578703
434027
1302083
651041
434027
325520
3472222
1736111
868055
578703
434027
1157407
578703
385802
289351
868055
2604166
1302083
651041
434027
325520
868055
651041
111111111
55555555
27777777
13888888
6944444
3472222
1736111
868055
578703
434027
1157407
578703
385802
289351
868055
2314814
1157407
578703
385802
289351
771604
578703
1736111
868055
578703
434027
4629629
2314814
1157407
578703
385802
289351
771604
578703
1543209
771604
514403
385802
1157407
578703
385802
289351
3472222
1736111
868055
578703
434027
1157407
578703
385802
289351
868055
9259259
4629629
2314814
1157407
578703
385802
289351
771604
578703
1543209
771604
514403
385802
1157407
578703
385802
289351
3086419
1543209
771604
514403
385802
1028806
514403
342935
257201
771604
2314814
1157407
578703
385802
289351
771604
578703
6944444
3472222
1736111
868055
578703
434027
1157407
578703
385802
289351
868055
2314814
1157407
578703
385802
289351
771604
578703
1736111
868055
578703
434027
18518518
9259259
4629629
2314814
1157407
578703
385802
289351
771604
578703
1543209
771604
514403
385802
1157407
578703
385802
289351
3086419
1543209
771604
514403
385802
1028806
514403
342935
257201
771604
2314814
1157407
578703
385802
289351
771604
578703
6172839
3086419
1543209
771604
514403
385802
1028806
514403
342935
257201
771604
2057613
1028806
514403
342935
257201
685871
514403
1543209
771604
514403
385802
4629629
2314814
1157407
578703
385802
289351
771604
578703
1543209
771604
514403
385802
1157407
578703
385802
289351
13888888
6944444
3472222
1736111
868055
578703
434027
1157407
578703
385802
289351
868055
2314814
1157407
578703
385802
289351
771604
578703
1736111
868055
578703
434027
4629629
2314814
1157407
578703
385802
289351
771604
578703
1543209
771604
514403
385802
1157407
578703
385802
289351
3472222
1736111
868055
578703
434027
1157407
578703
385802
289351
868055
37037037
18518518
9259259
4629629
2314814
1157407
578703
385802
289351
771604
578703
1543209
771604
514403
385802
1157407
578703
385802
289351
3086419
1543209
771604
514403
385802
1028806
514403
342935
257201
771604
2314814
1157407
578703
385802
289351
771604
578703
6172839
3086419
1543209
771604
514403
385802
1028806
514403
342935
257201
771604
2057613
1028806
514403
342935
257201
685871
514403
1543209
771604
514403
385802
4629629
2314814
1157407
578703
385802
289351
771604
578703
1543209
771604
514403
385802
1157407
578703
385802
289351
12345679
6172839
3086419
1543209
771604
514403
385802
1028806
514403
342935
257201
771604
2057613
1028806
514403
342935
257201
685871
514403
1543209
771604
514403
385802
4115226
2057613
1028806
514403
342935
257201
685871
514403
1371742
685871
457247
228623
152415
76207
50805
25402
16935
8467
5645
2822
1881
940
627
313
209
104
69
34
23
17
52
156
470
1411
4233
12701
38103
114311
342935
1028806
514403
342935
257201
3086419
1543209
771604
514403
385802
1028806
514403
342935
257201
771604
9259259
4629629
2314814
1157407
578703
385802
289351
771604
578703
1543209
771604
514403
385802
1157407
578703
385802
289351
3086419
1543209
771604
514403
385802
1028806
514403
342935
257201
771604
2314814
1157407
578703
385802
289351
771604
578703
27777777
13888888
6944444
3472222
1736111
868055
578703
434027
1157407
578703
385802
289351
868055
2314814
1157407
578703
385802
289351
771604
578703
1736111
868055
578703
434027
4629629
2314814
1157407
578703
385802
289351
771604
578703
1543209
771604
514403
385802
1157407
578703
385802
289351
3472222
1736111
868055
578703
434027
1157407
578703
385802
289351
868055
9259259
4629629
2314814
1157407
578703
385802
289351
771604
578703
1543209
771604
514403
385802
1157407
578703
385802
289351
3086419
1543209
771604
514403
385802
1028806
514403
342935
257201
771604
2314814
1157407
578703
385802
289351
771604
578703
6944444
3472222
1736111
868055
578703
434027
1157407
578703
385802
289351
868055
2314814
1157407
578703
385802
289351
771604
578703
1736111
868055
578703
434027
83333333
41666666
20833333
10416666
5208333
2604166
1302083
651041
434027
325520
868055
651041
1736111
868055
578703
434027
1302083
651041
434027
325520
3472222
1736111
868055
578703
434027
1157407
578703
385802
289351
868055
2604166
1302083
651041
434027
325520
868055
651041
6944444
3472222
1736111
868055
578703
434027
1157407
578703
385802
289351
868055
2314814
1157407
578703
385802
289351
771604
578703
1736111
868055
578703
434027
5208333
2604166
1302083
651041
434027
325520
868055
651041
1736111
868055
578703
434027
1302083
651041
434027
325520
13888888
6944444
3472222
1736111
868055
578703
434027
1157407
578703
385802
289351
868055
2314814
1157407
578703
385802
289351
771604
578703
1736111
868055
578703
434027
4629629
2314814
1157407
578703
385802
289351
771604
578703
1543209
771604
514403
385802
1157407
578703
385802
289351
3472222
1736111
868055
578703
434027
1157407
578703
385802
289351
868055
10416666
5208333
2604166
1302083
651041
434027
325520
868055
651041
1736111
868055
578703
434027
1302083
651041
434027
325520
3472222
1736111
868055
578703
434027
1157407
578703
385802
289351
868055
2604166
1302083
651041
434027
325520
868055
651041
27777777
13888888
6944444
3472222
1736111
868055
578703
434027
1157407
578703
385802
289351
868055
2314814
1157407
578703
385802
289351
771604
578703
1736111
868055
578703
434027
4629629
2314814
1157407
578703
385802
289351
771604
578703
1543209
771604
514403
385802
1157407
578703
385802
289351
3472222
1736111
868055
578703
434027
1157407
578703
385802
289351
868055
9259259
4629629
2314814
1157407
578703
385802
289351
771604
578703
1543209
771604
514403
385802
1157407
578703
385802
289351
3086419
1543209
771604
514403
385802
1028806
514403
342935
257201
771604
2314814
1157407
578703
385802
289351
771604
578703
6944444
3472222
1736111
868055
578703
434027
1157407
578703
385802
289351
868055
2314814
1157407
578703
385802
289351
771604
578703
1736111
868055
578703
434027
20833333
10416666
5208333
2604166
1302083
651041
434027
325520
868055
651041
1736111
868055
578703
434027
1302083
651041
434027
325520
3472222
1736111
868055
578703
434027
1157407
578703
385802
289351
868055
2604166
1302083
651041
434027
325520
868055
651041
6944444
3472222
1736111
868055
578703
434027
1157407
578703
385802
289351
868055
2314814
1157407
578703
385802
289351
771604
578703
1736111
868055
578703
434027
5208333
2604166
1302083
651041
434027
325520
868055
651041
1736111
868055
578703
434027
1302083
651041
434027
325520
250000000
125000000
62500000
31250000
15625000
7812500
3906250
1953125
976562
651041
488281
1302083
651041
434027
325520
976562
2604166
1302083
651041
434027
325520
868055
651041
1953125
976562
651041
488281
5208333
2604166
1302083
651041
434027
325520
868055
651041
1736111
868055
578703
434027
1302083
651041
434027
325520
3906250
1953125
976562
651041
488281
1302083
651041
434027
325520
976562
10416666
5208333
2604166
1302083
651041
434027
325520
868055
651041
1736111
868055
578703
434027
1302083
651041
434027
325520
3472222
1736111
868055
578703
434027
1157407
578703
385802
289351
868055
2604166
1302083
651041
434027
325520
868055
651041
7812500
3906250
1953125
976562
651041
488281
1302083
651041
434027
325520
976562
2604166
1302083
651041
434027
325520
868055
651041
1953125
976562
651041
488281
20833333
10416666
5208333
2604166
1302083
651041
434027
325520
868055
651041
1736111
868055
578703
434027
1302083
651041
434027
325520
3472222
1736111
868055
578703
434027
1157407
578703
385802
289351
868055
2604166
1302083
651041
434027
325520
868055
651041
6944444
3472222
1736111
868055
578703
434027
1157407
578703
385802
289351
868055
2314814
1157407
578703
385802
289351
771604
578703
1736111
868055
578703
434027
5208333
2604166
1302083
651041
434027
325520
868055
651041
1736111
868055
578703
434027
1302083
651041
434027
325520
15625000
7812500
3906250
1953125
976562
651041
488281
1302083
651041
434027
325520
976562
2604166
1302083
651041
434027
325520
868055
651041
1953125
976562
651041
488281
5208333
2604166
1302083
651041
434027
325520
868055
651041
1736111
868055
578703
434027
1302083
651041
434027
325520
3906250
1953125
976562
651041
488281
1302083
651041
434027
325520
976562
41666666
20833333
10416666
5208333
2604166
1302083
651041
434027
325520
868055
651041
1736111
868055
578703
434027
1302083
651041
434027
325520
3472222
1736111
868055
578703
434027
1157407
578703
385802
289351
868055
2604166
1302083
651041
434027
325520
868055
651041
6944444
3472222
1736111
868055
578703
434027
1157407
578703
385802
289351
868055
2314814
1157407
578703
385802
289351
771604
578703
1736111
868055
578703
434027
5208333
2604166
1302083
651041
434027
325520
868055
651041
1736111
868055
578703
434027
1302083
651041
434027
325520
13888888
6944444
3472222
1736111
868055
578703
434027
1157407
578703
385802
289351
868055
2314814
1157407
578703
385802
289351
771604
578703
1736111
868055
578703
434027
4629629
2314814
1157407
578703
385802
289351
771604
578703
1543209
771604
514403
385802
1157407
578703
385802
289351
3472222
1736111
868055
578703
434027
1157407
578703
385802
289351
868055
10416666
5208333
2604166
1302083
651041
434027
325520
868055
651041
1736111
868055
578703
434027
1302083
651041
434027
325520
3472222
1736111
868055
578703
434027
1157407
578703
385802
289351
868055
2604166
1302083
651041
434027
325520
868055
651041
31250000
15625000
7812500
3906250
1953125
976562
651041
488281
1302083
651041
434027
325520
976562
2604166
1302083
651041
434027
325520
868055
651041
1953125
976562
651041
488281
5208333
2604166
1302083
651041
434027
325520
868055
651041
1736111
868055
578703
434027
1302083
651041
434027
325520
3906250
1953125
976562
651041
488281
1302083
651041
434027
325520
976562
10416666
5208333
2604166
1302083
651041
434027
325520
868055
651041
1736111
868055
578703
434027
1302083
651041
434027
325520
3472222
1736111
868055
578703
434027
1157407
578703
385802
289351
868055
2604166
1302083
651041
434027
325520
868055
651041
7812500
3906250
1953125
976562
651041
488281
1302083
651041
434027
325520
976562
2604166
1302083
651041
434027
325520
868055
651041
1953125
976562
651041
488281
83333333
41666666
20833333
10416666
5208333
2604166
1302083
651041
434027
325520
868055
651041
1736111
868055
578703
434027
1302083
651041
434027
325520
3472222
1736111
868055
578703
434027
1157407
578703
385802
289351
868055
2604166
1302083
651041
434027
325520
868055
651041
6944444
3472222
1736111
868055
578703
434027
1157407
578703
385802
289351
868055
2314814
1157407
578703
385802
289351
771604
578703
1736111
868055
578703
434027
5208333
2604166
1302083
651041
434027
325520
868055
651041
1736111
868055
578703
434027
1302083
651041
434027
325520
13888888
6944444
3472222
1736111
868055
578703
434027
1157407
578703
385802
289351
868055
2314814
1157407
578703
385802
289351
771604
578703
1736111
868055
578703
434027
4629629
2314814
1157407
578703
385802
289351
771604
578703
1543209
771604
514403
385802
1157407
578703
385802
289351
3472222
1736111
868055
578703
434027
1157407
578703
385802
289351
868055
10416666
5208333
2604166
1302083
651041
434027
325520
868055
651041
1736111
868055
578703
434027
1302083
651041
434027
325520
3472222
1736111
868055
578703
434027
1157407
578703
385802
289351
868055
2604166
1302083
651041
434027
325520
868055
651041
27777777
13888888
6944444
3472222
1736111
868055
578703
434027
1157407
578703
385802
289351
868055
2314814
1157407
578703
385802
289351
771604
578703
1736111
868055
578703
434027
4629629
2314814
1157407
578703
385802
289351
771604
578703
1543209
771604
514403
385802
1157407
578703
385802
289351
3472222
1736111
868055
578703
434027
1157407
578703
385802
289351
868055
9259259
4629629
2314814
1157407
578703
385802
289351
771604
578703
1543209
771604
514403
385802
1157407
578703
385802
289351
3086419
1543209
771604
514403
385802
1028806
514403
342935
257201
771604
2314814
1157407
578703
385802
289351
771604
578703
6944444
3472222
1736111
868055
578703
434027
1157407
578703
385802
289351
868055
2314814
1157407
578703
385802
289351
771604
578703
1736111
868055
578703
434027
20833333
10416666
5208333
2604166
1302083
651041
434027
325520
868055
651041
1736111
868055
578703
434027
1302083
651041
434027
325520
3472222
1736111
868055
578703
434027
1157407
578703
385802
289351
868055
2604166
1302083
651041
434027
325520
868055
651041
6944444
3472222
1736111
868055
578703
434027
1157407
578703
385802
289351
868055
2314814
1157407
578703
385802
289351
771604
578703
1736111
868055
578703
434027
5208333
2604166
1302083
651041
434027
325520
868055
651041
1736111
868055
578703
434027
1302083
651041
434027
325520
62500000
31250000
15625000
7812500
3906250
1953125
976562
651041
488281
1302083
651041
434027
325520
976562
2604166
1302083
651041
434027
325520
868055
651041
1953125
976562
651041
488281
5208333
2604166
1302083
651041
434027
325520
868055
651041
1736111
868055
578703
434027
1302083
651041
434027
325520
3906250
1953125
976562
651041
488281
1302083
651041
434027
325520
976562
10416666
5208333
2604166
1302083
651041
434027
325520
868055
651041
1736111
868055
578703
434027
1302083
651041
434027
325520
3472222
1736111
868055
578703
434027
1157407
578703
385802
289351
868055
2604166
1302083
651041
434027
325520
868055
651041
7812500
3906250
1953125
976562
651041
488281
1302083
651041
434027
325520
976562
2604166
1302083
651041
434027
325520
868055
651041
1953125
976562
651041
488281
20833333
10416666
5208333
2604166
1302083
651041
434027
325520
868055
651041
1736111
868055
578703
434027
1302083
651041
434027
325520
3472222
1736111
868055
578703
434027
1157407
578703
385802
289351
868055
2604166
1302083
651041
434027
325520
868055
651041
6944444
3472222
1736111
868055
578703
434027
1157407
578703
385802
289351
868055
2314814
1157407
578703
385802
289351
771604
578703
1736111
868055
578703
434027
5208333
2604166
1302083
651041
434027
325520
868055
651041
1736111
868055
578703
434027
1302083
651041
434027
325520
15625000
7812500
3906250
1953125
976562
651041
488281
1302083
651041
434027
325520
976562
2604166
1302083
651041
434027
325520
868055
651041
1953125
976562
651041
488281
5208333
2604166
1302083
651041
434027
325520
868055
651041
1736111
868055
578703
434027
1302083
651041
434027
325520
3906250
1953125
976562
651041
488281
1302083
651041
434027
325520
976562
4243218150
